00
00
00
00
00
00
00
00
00
00
00
00
00
00
00
00
00
00
00
00
00
00
00
00
00
00
00
00
00
00
00
00
00
00
00
00
00
00
00
00
00
00
00
00
00
00
00
00
00
00
00
00
00
00
00
00
00
00
00
00
00
00
60
C0
00
00
00
00
00
00
00
00
00
00
00
00
00
00
00
60
00
00
30
00
00
18
00
00
18
00
30
00
02
60
E4
18
04
00
06
FC
FF
03
00
00
00
00
00
00
00
00
E0
00
40
60
20
00
1C
00
00
18
00
38
FE
07
F0
EF
1F
FC
FF
0F
0C
00
83
FF
E3
7F
80
FF
00
1C
00
60
00
E0
FF
7F
00
0C
18
00
18
18
18
06
03
D8
B1
01
8C
31
06
0C
00
83
FF
E3
FF
C0
FF
01
3E
00
60
00
60
84
70
F8
FF
3F
FC
FF
1F
18
06
03
8C
19
03
8C
31
06
0C
00
83
01
60
E0
E1
E3
03
3E
00
60
00
70
8C
19
08
4E
00
04
0C
00
CC
06
03
86
0D
03
8C
31
06
FC
FF
83
01
60
C0
F1
80
07
77
00
60
C0
C0
FF
1F
00
C6
00
00
0C
01
CC
07
03
F0
FF
07
8C
31
06
0C
00
83
01
60
80
79
00
07
77
F0
FF
FF
81
8C
09
00
83
01
E0
FF
03
E6
06
03
10
18
06
8C
31
06
0C
18
80
01
60
80
39
00
02
77
20
60
00
80
FF
1F
80
81
03
60
00
03
7F
FE
03
00
18
06
8C
31
06
0C
18
80
01
60
C0
39
00
80
E3
00
E0
00
80
8C
21
C0
FF
1F
60
00
03
3F
06
03
20
18
06
8C
31
06
0C
18
82
FF
61
E0
19
00
80
E3
00
E0
00
F0
FF
7F
70
02
7C
60
00
03
30
06
03
F0
FF
07
8C
31
06
EC
FF
87
FF
E1
FF
18
F0
87
E3
00
E0
00
10
06
01
1C
00
3C
60
00
03
18
06
03
30
18
06
8C
31
06
6C
18
83
01
E0
7F
18
F0
C7
C1
01
F0
01
00
07
07
F4
FF
1F
E0
FF
03
0C
06
03
30
18
08
CC
30
06
6C
18
83
01
60
00
38
00
C6
FF
01
30
01
80
FF
0F
10
06
00
60
36
03
FE
06
03
F8
FF
1F
CC
F0
07
6C
18
83
01
60
00
38
00
E6
FF
03
30
03
C0
07
FE
00
03
02
60
33
00
3E
FE
03
10
1E
18
6C
F0
07
E6
FF
83
01
60
00
78
00
E6
80
03
18
06
70
76
F2
00
FF
07
00
33
00
06
06
03
00
1B
1C
3C
00
06
66
18
83
01
60
00
F0
00
E7
80
03
18
0E
18
36
02
00
01
07
00
33
10
00
06
03
80
19
0C
1C
00
06
66
18
83
01
60
00
E0
E3
77
00
07
0C
1C
00
36
06
00
00
03
80
33
10
C0
06
03
E0
98
0F
0C
00
06
62
18
83
01
60
00
C0
FF
73
00
07
06
38
00
FA
02
00
80
01
80
31
18
7C
06
03
70
18
0F
FC
FF
07
E3
FF
83
01
60
00
80
FF
30
00
86
03
F0
01
9C
07
00
DC
01
E0
30
38
1F
06
0B
1E
18
06
0C
00
06
61
00
03
00
00
00
00
00
00
00
C0
01
E0
01
0F
0E
00
F8
00
70
E0
3F
C6
FF
1F
02
18
00
0C
00
86
60
00
03
00
00
00
00
00
00
00
70
00
40
E0
01
0C
00
60
00
1E
00
00
00
00
00
00
00
00
00
00
00
00
00
00
00
00
00
00
00
00
00
00
00
00
00
00
00
00
00
00
00
00
00
00
00
00
00
00
00
00
00
00
00
00
00
00
00
00
00
00
00
00
00
00
00
00
00
00
00
00
00
00
00
00
00
00
00
00
00
00
00
00
00
00
00
00
00
00
00
00
00
00
00
00
00
00
00
00
00
00
00
00
00
00
00
00
00
00
